Query102 (DocID Weight):
58476 1.4507938020986941
49815 1.1402143867377017
24485 1.0842268513326163
16922 1.0418500744483825
25096 0.9814759148068675
73038 0.8868383486601565
78836 0.868204969157379
12769 0.847721035682498
29908 0.7993890007691764
28662 0.796261099007775
26061 0.15105306826070214
26611 0.14214221666537485
4358 0.1411574460717263
65414 0.14009922927565194
12767 0.1375882823443968
7502 0.12871806217144355
33172 0.12838255421094336
76635 0.12783986514622822
25699 0.125465739102795
25100 0.12486631335210863
11930 0.12486558812807225
29911 0.12457985772227179
57914 0.12408265352583842
20201 0.12402498306370591
11922 0.11931279105408626
11485 0.11817309391726413
30486 0.11749663659549897
14713 0.11722979677601085
3835 0.11528769395920423
28657 0.11358713614049945
11923 0.11210847964919449
24515 0.11125639590031237
82227 0.10984652347874409
29904 0.10758359638336104
26603 0.10740661729912716
33203 0.10216011775487799
35396 0.10192702781247186
29894 0.10161297494348827
11481 0.09896228952725143
65446 0.09793641715581557
65036 0.09730978406217733
11979 0.09602360260226527
6735 0.09417458407701776
24490 0.09301099161452885
70306 0.09279128818742394
47516 0.08919683993575916
21895 0.08670909574388556
65364 0.08382985889192923
61689 0.08372310566686883
17587 0.08285873801243786
64626 0.08204725847870359
13345 0.08041879900094487
4881 0.07953926012550538
9790 0.07872828157736414
3976 0.07825728040987338
14707 0.07821972669958777
38442 0.07758085032284509
53502 0.07742579001950459
27870 0.0772078246024599
64645 0.07708644823358476
86929 0.07430098525019824
86912 0.07429339185866483
29906 0.07381474482490724
27384 0.07349690291208189
9479 0.07298027343268332
6498 0.07122383385049558
7115 0.07094968974364424
76766 0.07049544031651159
41541 0.0697415871606891
33668 0.06960639699890919
32366 0.06958354151731956
6503 0.06878866966346735
6497 0.06821535098615542
17517 0.06798841416938732
9703 0.06462482110312753
16575 0.06338539634799953
64657 0.06317291706810141
48805 0.06189210465065456
12812 0.06102200471805175
13314 0.060447527476842164
13335 0.060124742994611735
10182 0.05963880342605393
73762 0.05879888623255443
8455 0.058067025983569776
30456 0.057536147223854237
4933 0.056571673272691136
73706 0.05634421281221401
56829 0.05557638278744591
15077 0.055540393411105476
13313 0.05514705116723426
4439 0.05262187067213048
3834 0.05197491360864462
3837 0.051330928779623794
73598 0.051092367846859436
15082 0.05053443730615426
7118 0.05023396209420607
6636 0.04984096938042749
24550 0.04914841475511322
54762 0.04874949748916309
44163 0.048643456916190944
65394 0.048183013984130114
65306 0.04759472662877187
68419 0.04759472662877187
36447 0.04723696205132885
12825 0.04703066384468138
81494 0.04653267664954727
71368 0.04636214501109637
53469 0.046339858743429496
81731 0.04458097322966231
4306 0.043113490430782594
73614 0.043036721937878844
53682 0.04098724196453676
79759 0.04097313969311077
49884 0.040587536811754706
75563 0.04055652538253399
53523 0.04028946627356528
3833 0.039632233199873246
19634 0.039144760078262245
85372 0.039130714410170055
77310 0.03913060091893725
73746 0.03879519662272113
39349 0.038699207381973584
20766 0.03834024898388845
66107 0.03762782883233478
3827 0.03761600457958408
29920 0.0372256901643817
19033 0.03496525651190222
3972 0.034509592753338605
16897 0.033772980430205636
20688 0.033217796692848044
76690 0.03318547769474279
49856 0.03290936790830809
78982 0.03238011624554775
19601 0.03216095003329419
4310 0.03210388433619555
20133 0.0318739737138236
20127 0.0317463269556515
5862 0.03145525202938985
68909 0.03111720010193282
19599 0.030743766814349018
13320 0.03065221703704024
15200 0.03062236224845854
3265 0.030182233014796757
46736 0.03011693070314672
51210 0.03011693070314672
71001 0.029337786788583786
20160 0.029166998924393263
3828 0.028888533035136124
58755 0.028129748310035
16899 0.027557743876470267
79021 0.027066792822299214
12479 0.026929858015068774
4395 0.025772972173624856
29913 0.025473395568437654
70668 0.02545160123657842
73641 0.025345031697707687
8333 0.024705895618328935
67280 0.02442854137560984
41594 0.024260110180809605
54745 0.024208431622325704
6534 0.024190941642810233
23377 0.023782304736158173
19615 0.023780616968394064
47551 0.023252339511929454
20705 0.021876644116736156
13342 0.020459011038473696
13332 0.01975726832536244
22690 0.01934806271714814
22858 0.017226620611044914
44758 0.017177259946876716
27386 0.016654809171633908
9726 0.016487383399586775
20156 0.01433243402046324
19781 0.01433243402046324
44865 0.01396761890272049
73320 0.011260456633058621
17609 0.011232823399091298
20199 0.010877742973639179
16954 0.010443288840657927
29314 0.010189980851922343
25103 0.010001986808802245
8327 0.009020061866603632
22751 0.007579635211935354
25205 0.007405172995042862
16390 0.007080117503498136
76675 0.0
26080 0.0
64664 0.0
67861 0.0
33188 0.0
29935 0.0
37078 0.0
11083 0.0
17619 0.0
9358 0.0
11960 0.0
54780 0.0
6635 0.0
7937 0.0

